       1  120.07
       1   87.43
       1  194.72
       1  101.88
       1   74.64
       1   52.14
       1   42.19
       1   42.89
       1  112.29
       1  131.27
       1   16.94
       1   36.71
       1   25.30
       2  114.48
       2  100.19
       2  104.61
       2  121.73
       2   85.03
       2  110.31
       2  151.75
       2   75.63
       2  162.72
       2   32.03
       2  137.94
       2   11.21
       2    3.36
       2   17.20
       2    4.48
       3   50.54
       3   26.74
       3   66.58
       3   25.68
       3   63.81
       3    5.64
       3    7.33
       3   37.69
       3    1.79
       3   53.94
       3   21.81
       3   43.74
       3   49.77
       3   24.34
